image: native_2Dmap_Mon_Sep_12_07_50_12_2016.pgm
resolution: 0.050000
origin: [-77.177010, -71.769539, 0.000000]
negate: 0
occupied_thresh: 0.65
free_thresh: 0.196

